4.621588626353426710e-01
-2.019306856515043144e-02
1.803540436519130319e+00
3.884107428674556384e-01
2.624077293913640307e-01
4.364986645956543954e-01
2.783358449332934414e-01
3.233272042261429724e-01
0.000000000000000000e+00
1.375178108799478771e+00
4.283525950724625386e-01
3.422082875332944085e-01
2.279296141309664347e-01
0.000000000000000000e+00
1.052947887579009784e-01
4.622452812711930897e-02
3.914699623266938711e-02
3.458446815042468675e-02
1.203562553312495509e-02
1.541251826467730443e-02
3.802357171096253791e-02
2.766321832879617762e-02
1.949828013761210621e-01
2.371006513448486730e-01
7.587619875089947064e-01
3.634852880173600198e-01
4.548372816935601359e-01
5.483108854830480716e-01
0.000000000000000000e+00
4.096667212892306509e-01
4.237136774610988366e-01
1.740276193558199236e-01
4.137315620385740439e-02
1.710886224461047211e+00
4.041524921316374391e-02
1.334499284772528438e-01
4.737599137994343707e-02
6.477570808897120669e-02
2.039201356708739976e-01
8.120561059527034442e-03
3.582189599920659329e-01
7.578146865563964996e-01
8.935588165429504681e-02
5.153543973520409438e-02
1.334735935237092164e-01
5.766076204647254538e-02
2.026449889314294126e-03
7.125916487183870940e-01
1.914982994843167363e-01
3.941777874061941911e-01
2.182629609582112939e-01
1.906261020019227037e-01
1.051186135647093067e-01
1.535018991912784347e+00
2.524779168383438632e-01
2.551614821903595495e-02
2.279064188763119461e-02
9.100089153912377382e-02
4.498550578106780828e-01
5.101334243019504944e-02
2.032817290757209794e-01
1.657300375985375773e-01
3.604477927684468508e-02
2.578143076360586150e+00
2.972216745840200458e-02
8.874084029819330477e-02
4.845929065796716895e-02
3.413765898282444984e-03
6.165490939925775266e-02
6.203471089752739427e-03
1.406954726969156071e-02
2.023854640348364889e-02
8.102638634168227161e-02
5.613514697729151542e-02
8.343201797182531188e-02
3.146175362950830862e-02
6.710350722537551833e-03
1.453543475779728832e-02
0.000000000000000000e+00
7.032972276229407585e-03
3.445791601779696345e-02
1.443120681911251937e-02
9.483105668817812250e-02
6.963865102071774282e-02
2.068657810192870219e-02
7.373078915640957076e-02
3.057622130056197873e-02
7.875746057767686603e-02
6.558481968742770583e-03
3.295296169651073387e-02
8.989072465573804196e-03
0.000000000000000000e+00
0.000000000000000000e+00
9.732969206048552868e-02
3.036931450882047676e-02
1.153312238983123829e-02
2.554867213612080704e-02
1.372709689866145021e-02
4.110133848117886873e-02
7.415681455761520546e-02
1.722895800889847825e-02
1.210690551860707335e-02
3.013146944841647024e+00
1.357558076975943877e-02
3.935089181245662870e-02
1.398003427675844901e-01
