-8.468175010186311524e-02
8.956410887322912781e-03
1.298167225221775078e+00
-1.245905343408007793e-01
-8.256300749506155501e-02
-9.740206601784309748e-02
1.383673397973205488e-01
2.420993118148982159e-01
1.882503224852207641e-02
1.557475098622378873e+00
1.118380778010751447e-01
2.693194524983312799e-01
1.938779037515270254e-01
2.381861128162946969e-02
2.906631518906127032e-01
2.130741564721831960e-01
2.351285377363749873e-01
1.344365048923114869e-01
9.429284359633638424e-02
1.290740147087383605e-01
1.783154290651921270e-01
1.589087998220473363e-01
1.847929940378706115e-01
2.056471135569306607e-01
3.384699170380274791e-01
3.767833312787548239e-02
7.648807613429668972e-01
1.375546536903167749e-01
5.340308832904640257e-02
4.746980737165341913e-02
5.755865653364141687e-01
4.700137691788540129e-01
1.305249996860932162e-02
6.773282339924158180e-01
1.374641420483992960e-01
8.734306571592963531e-01
2.205866016983776823e-01
2.105641980914179923e-01
4.092267278572872535e-01
1.793325501119952953e-02
3.862478565765649074e-01
2.559307953005146019e-01
2.106434559506530080e-01
2.592454568070921006e-01
2.979273857278347259e-01
4.230141849510463681e-01
8.694604371350321548e-02
2.792562687425846901e-01
1.246644922700187869e-01
3.416954371600797180e-01
1.514878393478244212e-01
2.395089511839890162e-01
2.913336766089569263e-01
6.040354494311238609e-01
6.862827726788014449e-01
2.230599673003234029e-01
5.564846852987228587e-01
4.241926910921842153e-01
1.568714937182630886e-01
1.112771897794097159e-01
1.781726072257222848e-01
3.754452106598541450e-01
1.147037370026365993e-01
2.378108050743366952e+00
1.875363764399598857e-02
5.157188768342520213e-02
4.226696237210389451e-02
5.061819349360611314e-02
5.412461870111884982e-02
6.164819485530559362e-02
3.402998457096290119e-02
7.183016884640815169e-02
4.848040173878713499e-02
2.575948698536393439e-02
5.610598848326584648e-02
2.835893580286963714e-02
5.927591940493917577e-02
4.127105621493888654e-02
9.920748973689358374e-03
2.440656375323171576e-02
1.992991704077334836e-02
2.048755877637260803e-02
4.447199408461323389e-02
3.101613783925519577e-02
3.099968742544713732e-02
4.070633280220327388e-02
5.980679788401346841e-02
3.726988146563136456e-02
3.103627818579085887e-02
1.855050049554445302e-01
4.112045691416096882e-02
2.689810776101874204e-02
3.804863274268979051e-02
7.068127228924102334e-02
5.003401860062713091e-02
3.759779606511576278e-02
6.667946217383520502e-02
1.299196978997971090e-02
5.279318127667334548e-02
3.570840987427834068e-02
2.536534896098426028e-02
3.055611868196634814e-02
2.929902816562802048e+00
6.103069706471422884e-02
2.069085212386057374e-02
1.340230943920218132e-01
