2.053085648110436257e+00
6.122463681306825611e-01
1.797637806475135713e+00
1.553639593360506055e+01
2.262092516708340106e+00
2.292405040432059060e+00
1.211642219955070932e+00
-1.340624773771238676e+00
0.000000000000000000e+00
-9.556860160006019900e-01
-8.972228805297579601e-01
-1.174464485097379107e+00
-3.827125611762927093e-01
-4.823326892328699600e+00
5.775074646698330483e-02
-9.583148664762510816e-01
-2.956897072593306142e+00
-1.062297102176013475e+00
-1.188223071052115998e+00
-1.679990093912814508e+00
-2.240601878395289237e+00
-3.826485894196910431e-01
-7.970592630872502804e-01
-4.518232861072534745e-01
2.279962679528107827e+00
1.872592101179404667e+00
-2.017476691829021007e+00
1.088448728140633648e+00
-1.421167213587743783e+00
1.093157830917723006e+00
9.948026135658606661e-02
-1.803917732010177799e+00
0.000000000000000000e+00
3.617600456245729568e+00
-6.162052568935422192e-01
-4.303646096891781347e+00
-1.752728186921819642e+00
3.521665111144927501e-02
-5.300716276691428419e-01
-4.249907725753937271e+00
6.934281177589007861e-01
1.021381811581856702e+00
-7.803228138855765605e-01
-1.381896134572247803e+00
-6.447026076967188324e-01
-3.762796897392203466e+00
-2.702645652992875736e+00
1.561229501545641218e+00
-4.724222201257994858e-01
4.857590199193865255e-01
-1.029030384602844572e+00
-3.986897877611723096e-01
5.765412013808868252e-02
-9.917177942424084680e-01
4.653954269001759902e-01
-1.090082337925268430e+00
-1.720375150242461126e+00
-1.056324880047545323e+00
9.870052867489939041e-01
-1.165553553238465767e+00
-1.008835707746381871e+00
-2.308812556993584675e+00
1.762048763570317200e-01
-7.241350157719146363e-01
1.221022412552557501e+00
-6.659813647292143202e-01
-9.219785688219654940e-01
-3.219561180198998507e+00
-1.081204985948369890e+00
-2.151330317194161790e+00
-3.256724676206845359e+00
1.627795625403196667e-01
-2.073774839804512382e+00
-1.939643980356942965e+00
-2.780979152764225804e-01
-1.314811150394039174e+00
-2.316019282880149355e+00
-1.034387678277423728e+00
0.000000000000000000e+00
-1.161356200843271727e-04
-9.242986082790685121e-01
-6.387526817452702232e-01
-5.735781704212493670e-01
1.247294260901036012e+00
-6.247962344366790877e-01
-1.281905813352470780e-01
-9.122837379759773935e-01
-7.444237610958877038e-01
-1.425617034023551222e+00
4.782361875350343849e-01
-8.527902903246095123e-01
0.000000000000000000e+00
-3.258265700357908301e+00
-4.119298221640099733e-01
-2.445459403573741142e+00
-1.011276226516817367e+00
-4.502614404740819948e-02
0.000000000000000000e+00
1.412722148512289611e+00
-1.059853843916977123e+00
-4.029910733544874724e+00
-7.560586350606397499e-01
5.966018578605287725e-01
-6.061230027926067798e-01
4.609344547248955593e+00
-1.457179578315965340e+00
